날짜,예약인원,예약 실제방문인원,비예약 방문인원,총방문인원
2017-01-01,0,0,0,0
2017-01-02,0,0,0,0
2017-01-03,0,0,1302,1302
2017-01-04,27,27,1083,1110
2017-01-05,117,117,848,965
2017-01-06,0,0,1076,1076
2017-01-07,0,0,2779,2779
2017-01-08,0,0,3755,3755
2017-01-09,0,0,0,0
2017-01-10,181,181,443,624
2017-01-11,100,100,403,503
2017-01-12,127,127,361,488
2017-01-13,193,193,483,676
2017-01-14,0,0,1412,1412
2017-01-15,0,0,1403,1403
2017-01-16,0,0,0,0
2017-01-17,155,155,433,588
2017-01-18,195,195,240,435
2017-01-19,179,179,339,518
2017-01-20,121,121,374,495
2017-01-21,0,0,981,981
2017-01-22,0,0,1004,1004
2017-01-23,0,0,0,0
2017-01-24,150,150,311,461
2017-01-25,55,55,332,387
2017-01-26,0,0,315,315
2017-01-27,0,0,0,0
2017-01-28,0,0,0,0
2017-01-29,0,0,761,761
2017-01-30,0,0,0,0
2017-01-31,0,0,310,310
2017-02-01,13,13,165,178
2017-02-02,0,0,227,227
2017-02-03,40,40,267,307
2017-02-04,0,0,1171,1171
2017-02-05,0,0,1200,1200
2017-02-06,0,0,0,0
2017-02-07,0,0,444,444
2017-02-08,122,122,364,486
2017-02-09,174,174,364,538
2017-02-10,123,123,321,444
2017-02-11,0,0,2061,2061
2017-02-12,0,0,3192,3192
2017-02-13,0,0,0,0
2017-02-14,24,24,705,729
2017-02-15,0,0,736,736
2017-02-16,33,33,768,801
2017-02-17,0,0,821,821
2017-02-18,96,96,2779,2875
2017-02-19,0,0,3198,3198
2017-02-20,0,0,0,0
2017-02-21,18,18,667,685
2017-02-22,39,39,621,660
2017-02-23,38,38,1069,1107
2017-02-24,0,0,1046,1046
2017-02-25,40,40,2792,2832
2017-02-26,0,0,4243,4243
2017-02-27,0,0,0,0
2017-02-28,0,0,1633,1633
2017-03-01,0,0,4179,4179
2017-03-02,0,0,326,326
2017-03-03,0,0,332,332
2017-03-04,0,0,2005,2005
2017-03-05,0,0,1549,1549
2017-03-06,0,0,0,0
2017-03-07,0,0,204,204
2017-03-08,0,0,186,186
2017-03-09,0,0,267,267
2017-03-10,0,0,248,248
2017-03-11,0,0,1818,1818
2017-03-12,0,0,1828,1828
2017-03-13,0,0,0,0
2017-03-14,0,0,382,382
2017-03-15,0,0,269,269
2017-03-16,0,0,261,261
2017-03-17,0,0,342,342
2017-03-18,50,50,1501,1551
2017-03-19,0,0,1991,1991
2017-03-20,0,0,0,0
2017-03-21,0,0,266,266
2017-03-22,67,67,263,330
2017-03-23,53,53,180,233
2017-03-24,118,118,199,317
2017-03-25,95,95,1847,1942
2017-03-26,0,0,2048,2048
2017-03-27,0,0,0,0
2017-03-28,390,390,362,752
2017-03-29,394,394,393,787
2017-03-30,157,157,343,500
2017-03-31,276,276,430,706
2017-04-01,0,0,2046,2046
2017-04-02,0,0,2472,2472
2017-04-03,0,0,0,0
2017-04-04,210,210,450,660
2017-04-05,211,211,319,530
2017-04-06,349,349,767,1116
2017-04-07,304,304,699,1003
2017-04-08,34,34,2161,2195
2017-04-09,0,0,2591,2591
2017-04-10,0,0,0,0
2017-04-11,427,427,276,703
2017-04-12,796,796,746,1542
2017-04-13,674,674,806,1480
2017-04-14,613,613,616,1229
2017-04-15,100,100,2131,2231
2017-04-16,0,0,2274,2274
2017-04-17,0,0,0,0
2017-04-18,794,794,648,1442
2017-04-19,991,991,810,1801
2017-04-20,1032,1032,1289,2321
2017-04-21,1050,1050,2539,3589
2017-04-22,0,0,2403,2403
2017-04-23,0,0,2611,2611
2017-04-24,0,0,0,0
2017-04-25,1088,1088,35,1123
2017-04-26,932,932,1031,1963
2017-04-27,952,952,912,1864
2017-04-28,1010,1010,1043,2053
2017-04-29,0,0,2089,2089
2017-04-30,45,45,2290,2335
2017-05-01,0,0,0,0
2017-05-02,49,49,427,476
2017-05-03,0,0,2550,2550
2017-05-04,16,16,1238,1254
2017-05-05,0,0,11606,11606
2017-05-06,0,0,2147,2147
2017-05-07,40,40,1676,1716
2017-05-08,0,0,0,0
2017-05-09,0,0,2141,2141
2017-05-10,504,504,852,1356
2017-05-11,598,598,813,1411
2017-05-12,650,650,1391,2041
2017-05-13,105,105,2934,3039
2017-05-14,0,0,3225,3225
2017-05-15,0,0,0,0
2017-05-16,1008,1008,1885,2893
2017-05-17,370,370,903,1273
2017-05-18,812,812,1115,1927
2017-05-19,979,929,1027,1956
2017-05-20,72,72,2761,2833
2017-05-21,0,0,2818,2818
2017-05-22,0,0,0,0
2017-05-23,584,584,563,1147
2017-05-24,578,578,1723,2301
2017-05-25,737,737,880,1617
2017-05-26,461,461,970,1431
2017-05-27,159,159,2780,2939
2017-05-28,0,0,2835,2835
2017-05-29,0,0,0,0
2017-05-30,422,422,2074,2496
2017-05-31,320,320,750,1070
2017-06-01,672,672,858,1530
2017-06-02,688,688,804,1492
2017-06-03,172,172,2502,2674
2017-06-04,0,0,2586,2586
2017-06-05,0,0,0,0
2017-06-06,0,0,4233,4233
2017-06-07,254,254,548,802
2017-06-08,503,503,546,1049
2017-06-09,451,451,398,849
2017-06-10,0,0,2482,2482
2017-06-11,80,80,2978,3058
2017-06-12,0,0,0,0
2017-06-13,170,170,276,446
2017-06-14,468,468,373,841
2017-06-15,659,659,57,716
2017-06-16,791,791,162,953
2017-06-17,0,0,1912,1912
2017-06-18,0,0,2630,2630
2017-06-19,0,0,0,0
2017-06-20,289,289,403,692
2017-06-21,296,296,663,959
2017-06-22,344,344,627,971
2017-06-23,546,546,736,1282
2017-06-24,105,105,2437,2542
2017-06-25,0,0,2659,2659
2017-06-26,0,0,0,0
2017-06-27,540,540,251,791
2017-06-28,254,254,771,1025
2017-06-29,502,502,571,1073
2017-06-30,312,312,212,524
2017-07-01,0,0,1833,1833
2017-07-02,0,0,2273,2273
2017-07-03,0,0,0,0
2017-07-04,278,278,306,584
2017-07-05,423,423,101,524
2017-07-06,264,264,247,511
2017-07-07,285,210,168,378
2017-07-08,275,275,2388,2663
2017-07-09,0,0,2945,2945
2017-07-10,0,0,0,0
2017-07-11,374,374,124,498
2017-07-12,27,27,403,430
2017-07-13,293,293,582,875
2017-07-14,208,208,431,639
2017-07-15,0,0,2226,2226
2017-07-16,0,0,2471,2471
2017-07-17,0,0,0,0
2017-07-18,181,181,314,495
2017-07-19,279,279,518,797
2017-07-20,149,149,236,385
2017-07-21,41,41,423,464
2017-07-22,73,73,1895,1968
2017-07-23,0,0,1851,1851
2017-07-24,0,0,0,0
2017-07-25,95,95,523,618
2017-07-26,150,150,645,795
2017-07-27,400,400,826,1226
2017-07-28,210,210,1162,1372
2017-07-29,0,0,2144,2144
2017-07-30,0,0,2202,2202
2017-07-31,0,0,0,0
2017-08-01,0,0,2112,2112
2017-08-02,0,0,1956,1956
2017-08-03,0,0,1810,1810
2017-08-04,80,80,1791,1871
2017-08-05,0,0,3130,3130
2017-08-06,0,0,2729,2729
2017-08-07,0,0,0,0
2017-08-08,61,61,1405,1466
2017-08-09,0,0,1241,1241
2017-08-10,142,142,1258,1400
2017-08-11,76,76,798,874
2017-08-12,0,0,2714,2714
2017-08-13,0,0,3017,3017
2017-08-14,0,0,0,0
2017-08-15,0,0,3507,3507
2017-08-16,173,173,745,918
2017-08-17,134,134,602,736
2017-08-18,379,379,744,1123
2017-08-19,0,0,3325,3325
2017-08-20,0,0,3058,3058
2017-08-21,0,0,0,0
2017-08-22,233,233,467,700
2017-08-23,161,161,416,577
2017-08-24,171,171,441,612
2017-08-25,518,518,119,637
2017-08-26,0,0,3095,3095
2017-08-27,0,0,2398,2398
2017-08-28,0,0,0,0
2017-08-29,134,134,682,816
2017-08-30,342,342,516,858
2017-08-31,345,345,185,530
2017-09-01,136,136,293,429
2017-09-02,0,0,2610,2610
2017-09-03,0,0,2579,2579
2017-09-04,0,0,0,0
2017-09-05,121,121,482,603
2017-09-06,186,186,253,439
2017-09-07,219,219,490,709
2017-09-08,351,351,683,1034
2017-09-09,74,74,2239,2313
2017-09-10,0,0,2476,2476
2017-09-11,0,0,0,0
2017-09-12,234,234,215,449
2017-09-13,148,148,562,710
2017-09-14,214,214,255,469
2017-09-15,403,403,290,693
2017-09-16,88,88,2050,2138
2017-09-17,40,40,2345,2385
2017-09-18,0,0,0,0
2017-09-19,155,155,259,414
2017-09-20,161,161,610,771
2017-09-21,486,486,593,1079
2017-09-22,576,576,458,1034
2017-09-23,220,220,2725,2945
2017-09-24,42,42,2295,2337
2017-09-25,0,0,0,0
2017-09-26,469,393,352,745
2017-09-27,331,331,628,959
2017-09-28,903,903,205,1108
2017-09-29,522,522,102,624
2017-09-30,0,0,1207,1207
2017-10-01,0,0,2212,2212
2017-10-02,0,0,0,0
2017-10-03,0,0,0,0
2017-10-04,0,0,0,0
2017-10-05,0,0,2156,2156
2017-10-06,0,0,2714,2714
2017-10-07,0,0,1937,1937
2017-10-08,0,0,2430,2430
2017-10-09,0,0,0,0
2017-10-10,158,158,398,556
2017-10-11,415,415,334,749
2017-10-12,809,809,478,1287
2017-10-13,676,676,670,1346
2017-10-14,172,172,2091,2263
2017-10-15,45,45,2224,2269
2017-10-16,0,0,0,0
2017-10-17,628,628,181,809
2017-10-18,568,568,478,1046
2017-10-19,583,583,775,1358
2017-10-20,743,725,374,1099
2017-10-21,36,36,1702,1738
2017-10-22,0,0,2193,2193
2017-10-23,0,0,0,0
2017-10-24,472,472,269,741
2017-10-25,470,470,1053,1523
2017-10-26,380,380,955,1335
2017-10-27,549,549,767,1316
2017-10-28,0,0,1790,1790
2017-10-29,0,0,2233,2233
2017-10-30,0,0,0,0
2017-10-31,332,332,421,753
2017-11-01,250,250,739,989
2017-11-02,468,468,1113,1581
2017-11-03,135,135,417,552
2017-11-04,75,75,1710,1785
2017-11-05,0,0,1828,1828
2017-11-06,0,0,0,0
2017-11-07,542,542,302,844
2017-11-08,563,563,183,746
2017-11-09,398,398,85,483
2017-11-10,488,488,476,964
2017-11-11,100,100,1619,1719
2017-11-12,0,0,2106,2106
2017-11-13,0,0,0,0
2017-11-14,506,506,307,813
2017-11-15,395,395,136,531
2017-11-16,707,707,345,1052
2017-11-17,463,463,59,522
2017-11-18,52,52,1536,1588
2017-11-19,0,0,1588,1588
2017-11-20,0,0,0,0
2017-11-21,415,415,200,615
2017-11-22,294,294,152,446
2017-11-23,514,439,132,571
2017-11-24,269,269,237,506
2017-11-25,0,0,1405,1405
2017-11-26,0,0,1966,1966
2017-11-27,0,0,0,0
2017-11-28,453,453,48,501
2017-11-29,285,285,102,387
2017-11-30,280,280,135,415
2017-12-01,122,122,105,227
2017-12-02,40,40,1519,1559
2017-12-03,0,0,2029,2029
2017-12-04,0,0,0,0
2017-12-05,169,169,560,729
2017-12-06,313,313,402,715
2017-12-07,168,168,602,770
2017-12-08,520,520,372,892
2017-12-09,0,0,2023,2023
2017-12-10,0,0,2752,2752
2017-12-11,0,0,0,0
2017-12-12,293,293,499,792
2017-12-13,84,84,806,890
2017-12-14,368,368,656,1024
2017-12-15,340,340,602,942
2017-12-16,22,22,2013,2035
2017-12-17,0,0,2219,2219
2017-12-18,0,0,0,0
2017-12-19,298,298,128,426
2017-12-20,40,40,166,206
2017-12-21,60,60,54,114
2017-12-22,0,0,210,210
2017-12-23,40,40,1540,1580
2017-12-24,0,0,2692,2692
2017-12-25,0,0,0,0
2017-12-26,347,347,126,473
2017-12-27,0,0,187,187
2017-12-28,136,136,42,178
2017-12-29,19,19,140,159
2017-12-30,0,0,552,552
2017-12-31,0,0,789,789
